200.000000 250.000000 0.000000
195.629520 250.000000 41.582338
0 250.000000 0
195.629520 250.000000 41.582338
182.709092 250.000000 81.347329
0 250.000000 0
182.709092 250.000000 81.347329
161.803399 250.000000 117.557050
0 250.000000 0
161.803399 250.000000 117.557050
133.826121 250.000000 148.628965
0 250.000000 0
133.826121 250.000000 148.628965
100.000000 250.000000 173.205081
0 250.000000 0
100.000000 250.000000 173.205081
61.803399 250.000000 190.211303
0 250.000000 0
61.803399 250.000000 190.211303
20.905693 250.000000 198.904379
0 250.000000 0
20.905693 250.000000 198.904379
-20.905693 250.000000 198.904379
0 250.000000 0
-20.905693 250.000000 198.904379
-61.803399 250.000000 190.211303
0 250.000000 0
-61.803399 250.000000 190.211303
-100.000000 250.000000 173.205081
0 250.000000 0
-100.000000 250.000000 173.205081
-133.826121 250.000000 148.628965
0 250.000000 0
-133.826121 250.000000 148.628965
-161.803399 250.000000 117.557050
0 250.000000 0
-161.803399 250.000000 117.557050
-182.709092 250.000000 81.347329
0 250.000000 0
-182.709092 250.000000 81.347329
-195.629520 250.000000 41.582338
0 250.000000 0
-195.629520 250.000000 41.582338
-200.000000 250.000000 -0.000000
0 250.000000 0
-200.000000 250.000000 -0.000000
-195.629520 250.000000 -41.582338
0 250.000000 0
-195.629520 250.000000 -41.582338
-182.709091 250.000000 -81.347329
0 250.000000 0
-182.709091 250.000000 -81.347329
-161.803399 250.000000 -117.557051
0 250.000000 0
-161.803399 250.000000 -117.557051
-133.826121 250.000000 -148.628965
0 250.000000 0
-133.826121 250.000000 -148.628965
-100.000000 250.000000 -173.205081
0 250.000000 0
-100.000000 250.000000 -173.205081
-61.803399 250.000000 -190.211303
0 250.000000 0
-61.803399 250.000000 -190.211303
-20.905693 250.000000 -198.904379
0 250.000000 0
-20.905693 250.000000 -198.904379
20.905693 250.000000 -198.904379
0 250.000000 0
20.905693 250.000000 -198.904379
61.803399 250.000000 -190.211303
0 250.000000 0
61.803399 250.000000 -190.211303
100.000000 250.000000 -173.205081
0 250.000000 0
100.000000 250.000000 -173.205081
133.826121 250.000000 -148.628965
0 250.000000 0
133.826121 250.000000 -148.628965
161.803399 250.000000 -117.557050
0 250.000000 0
161.803399 250.000000 -117.557050
182.709092 250.000000 -81.347328
0 250.000000 0
182.709092 250.000000 -81.347328
195.629520 250.000000 -41.582338
0 250.000000 0
195.629520 250.000000 -41.582338
200.000000 250.000000 0.000000
0 250.000000 0
200.000000 -250.000000 0.000000
195.629520 -250.000000 41.582338
0 -250.000000 0
195.629520 -250.000000 41.582338
182.709092 -250.000000 81.347329
0 -250.000000 0
182.709092 -250.000000 81.347329
161.803399 -250.000000 117.557050
0 -250.000000 0
161.803399 -250.000000 117.557050
133.826121 -250.000000 148.628965
0 -250.000000 0
133.826121 -250.000000 148.628965
100.000000 -250.000000 173.205081
0 -250.000000 0
100.000000 -250.000000 173.205081
61.803399 -250.000000 190.211303
0 -250.000000 0
61.803399 -250.000000 190.211303
20.905693 -250.000000 198.904379
0 -250.000000 0
20.905693 -250.000000 198.904379
-20.905693 -250.000000 198.904379
0 -250.000000 0
-20.905693 -250.000000 198.904379
-61.803399 -250.000000 190.211303
0 -250.000000 0
-61.803399 -250.000000 190.211303
-100.000000 -250.000000 173.205081
0 -250.000000 0
-100.000000 -250.000000 173.205081
-133.826121 -250.000000 148.628965
0 -250.000000 0
-133.826121 -250.000000 148.628965
-161.803399 -250.000000 117.557050
0 -250.000000 0
-161.803399 -250.000000 117.557050
-182.709092 -250.000000 81.347329
0 -250.000000 0
-182.709092 -250.000000 81.347329
-195.629520 -250.000000 41.582338
0 -250.000000 0
-195.629520 -250.000000 41.582338
-200.000000 -250.000000 -0.000000
0 -250.000000 0
-200.000000 -250.000000 -0.000000
-195.629520 -250.000000 -41.582338
0 -250.000000 0
-195.629520 -250.000000 -41.582338
-182.709091 -250.000000 -81.347329
0 -250.000000 0
-182.709091 -250.000000 -81.347329
-161.803399 -250.000000 -117.557051
0 -250.000000 0
-161.803399 -250.000000 -117.557051
-133.826121 -250.000000 -148.628965
0 -250.000000 0
-133.826121 -250.000000 -148.628965
-100.000000 -250.000000 -173.205081
0 -250.000000 0
-100.000000 -250.000000 -173.205081
-61.803399 -250.000000 -190.211303
0 -250.000000 0
-61.803399 -250.000000 -190.211303
-20.905693 -250.000000 -198.904379
0 -250.000000 0
-20.905693 -250.000000 -198.904379
20.905693 -250.000000 -198.904379
0 -250.000000 0
20.905693 -250.000000 -198.904379
61.803399 -250.000000 -190.211303
0 -250.000000 0
61.803399 -250.000000 -190.211303
100.000000 -250.000000 -173.205081
0 -250.000000 0
100.000000 -250.000000 -173.205081
133.826121 -250.000000 -148.628965
0 -250.000000 0
133.826121 -250.000000 -148.628965
161.803399 -250.000000 -117.557050
0 -250.000000 0
161.803399 -250.000000 -117.557050
182.709092 -250.000000 -81.347328
0 -250.000000 0
182.709092 -250.000000 -81.347328
195.629520 -250.000000 -41.582338
0 -250.000000 0
195.629520 -250.000000 -41.582338
200.000000 -250.000000 0.000000
0 -250.000000 0
200.000000 250.000000 0.000000
195.629520 250.000000 41.582338
200.000000 -250.000000 0.000000
200.000000 -250.000000 0.000000
195.629520 -250.000000 41.582338
195.629520 250.000000 41.582338
195.629520 250.000000 41.582338
182.709092 250.000000 81.347329
195.629520 -250.000000 41.582338
195.629520 -250.000000 41.582338
182.709092 -250.000000 81.347329
182.709092 250.000000 81.347329
182.709092 250.000000 81.347329
161.803399 250.000000 117.557050
182.709092 -250.000000 81.347329
182.709092 -250.000000 81.347329
161.803399 -250.000000 117.557050
161.803399 250.000000 117.557050
161.803399 250.000000 117.557050
133.826121 250.000000 148.628965
161.803399 -250.000000 117.557050
161.803399 -250.000000 117.557050
133.826121 -250.000000 148.628965
133.826121 250.000000 148.628965
133.826121 250.000000 148.628965
100.000000 250.000000 173.205081
133.826121 -250.000000 148.628965
133.826121 -250.000000 148.628965
100.000000 -250.000000 173.205081
100.000000 250.000000 173.205081
100.000000 250.000000 173.205081
61.803399 250.000000 190.211303
100.000000 -250.000000 173.205081
100.000000 -250.000000 173.205081
61.803399 -250.000000 190.211303
61.803399 250.000000 190.211303
61.803399 250.000000 190.211303
20.905693 250.000000 198.904379
61.803399 -250.000000 190.211303
61.803399 -250.000000 190.211303
20.905693 -250.000000 198.904379
20.905693 250.000000 198.904379
20.905693 250.000000 198.904379
-20.905693 250.000000 198.904379
20.905693 -250.000000 198.904379
20.905693 -250.000000 198.904379
-20.905693 -250.000000 198.904379
-20.905693 250.000000 198.904379
-20.905693 250.000000 198.904379
-61.803399 250.000000 190.211303
-20.905693 -250.000000 198.904379
-20.905693 -250.000000 198.904379
-61.803399 -250.000000 190.211303
-61.803399 250.000000 190.211303
-61.803399 250.000000 190.211303
-100.000000 250.000000 173.205081
-61.803399 -250.000000 190.211303
-61.803399 -250.000000 190.211303
-100.000000 -250.000000 173.205081
-100.000000 250.000000 173.205081
-100.000000 250.000000 173.205081
-133.826121 250.000000 148.628965
-100.000000 -250.000000 173.205081
-100.000000 -250.000000 173.205081
-133.826121 -250.000000 148.628965
-133.826121 250.000000 148.628965
-133.826121 250.000000 148.628965
-161.803399 250.000000 117.557050
-133.826121 -250.000000 148.628965
-133.826121 -250.000000 148.628965
-161.803399 -250.000000 117.557050
-161.803399 250.000000 117.557050
-161.803399 250.000000 117.557050
-182.709092 250.000000 81.347329
-161.803399 -250.000000 117.557050
-161.803399 -250.000000 117.557050
-182.709092 -250.000000 81.347329
-182.709092 250.000000 81.347329
-182.709092 250.000000 81.347329
-195.629520 250.000000 41.582338
-182.709092 -250.000000 81.347329
-182.709092 -250.000000 81.347329
-195.629520 -250.000000 41.582338
-195.629520 250.000000 41.582338
-195.629520 250.000000 41.582338
-200.000000 250.000000 -0.000000
-195.629520 -250.000000 41.582338
-195.629520 -250.000000 41.582338
-200.000000 -250.000000 -0.000000
-200.000000 250.000000 -0.000000
-200.000000 250.000000 -0.000000
-195.629520 250.000000 -41.582338
-200.000000 -250.000000 -0.000000
-200.000000 -250.000000 -0.000000
-195.629520 -250.000000 -41.582338
-195.629520 250.000000 -41.582338
-195.629520 250.000000 -41.582338
-182.709091 250.000000 -81.347329
-195.629520 -250.000000 -41.582338
-195.629520 -250.000000 -41.582338
-182.709091 -250.000000 -81.347329
-182.709091 250.000000 -81.347329
-182.709091 250.000000 -81.347329
-161.803399 250.000000 -117.557051
-182.709091 -250.000000 -81.347329
-182.709091 -250.000000 -81.347329
-161.803399 -250.000000 -117.557051
-161.803399 250.000000 -117.557051
-161.803399 250.000000 -117.557051
-133.826121 250.000000 -148.628965
-161.803399 -250.000000 -117.557051
-161.803399 -250.000000 -117.557051
-133.826121 -250.000000 -148.628965
-133.826121 250.000000 -148.628965
-133.826121 250.000000 -148.628965
-100.000000 250.000000 -173.205081
-133.826121 -250.000000 -148.628965
-133.826121 -250.000000 -148.628965
-100.000000 -250.000000 -173.205081
-100.000000 250.000000 -173.205081
-100.000000 250.000000 -173.205081
-61.803399 250.000000 -190.211303
-100.000000 -250.000000 -173.205081
-100.000000 -250.000000 -173.205081
-61.803399 -250.000000 -190.211303
-61.803399 250.000000 -190.211303
-61.803399 250.000000 -190.211303
-20.905693 250.000000 -198.904379
-61.803399 -250.000000 -190.211303
-61.803399 -250.000000 -190.211303
-20.905693 -250.000000 -198.904379
-20.905693 250.000000 -198.904379
-20.905693 250.000000 -198.904379
20.905693 250.000000 -198.904379
-20.905693 -250.000000 -198.904379
-20.905693 -250.000000 -198.904379
20.905693 -250.000000 -198.904379
20.905693 250.000000 -198.904379
20.905693 250.000000 -198.904379
61.803399 250.000000 -190.211303
20.905693 -250.000000 -198.904379
20.905693 -250.000000 -198.904379
61.803399 -250.000000 -190.211303
61.803399 250.000000 -190.211303
61.803399 250.000000 -190.211303
100.000000 250.000000 -173.205081
61.803399 -250.000000 -190.211303
61.803399 -250.000000 -190.211303
100.000000 -250.000000 -173.205081
100.000000 250.000000 -173.205081
100.000000 250.000000 -173.205081
133.826121 250.000000 -148.628965
100.000000 -250.000000 -173.205081
100.000000 -250.000000 -173.205081
133.826121 -250.000000 -148.628965
133.826121 250.000000 -148.628965
133.826121 250.000000 -148.628965
161.803399 250.000000 -117.557050
133.826121 -250.000000 -148.628965
133.826121 -250.000000 -148.628965
161.803399 -250.000000 -117.557050
161.803399 250.000000 -117.557050
161.803399 250.000000 -117.557050
182.709092 250.000000 -81.347328
161.803399 -250.000000 -117.557050
161.803399 -250.000000 -117.557050
182.709092 -250.000000 -81.347328
182.709092 250.000000 -81.347328
182.709092 250.000000 -81.347328
195.629520 250.000000 -41.582338
182.709092 -250.000000 -81.347328
182.709092 -250.000000 -81.347328
195.629520 -250.000000 -41.582338
195.629520 250.000000 -41.582338
195.629520 250.000000 -41.582338
200.000000 250.000000 0.000000
195.629520 -250.000000 -41.582338
195.629520 -250.000000 -41.582338
200.000000 -250.000000 0.000000
200.000000 250.000000 0.000000
