200.000000 -250.000000 0.000000
197.537668 -250.000000 31.286893
0 -250.000000 0
197.537668 -250.000000 31.286893
190.211303 -250.000000 61.803399
0 -250.000000 0
190.211303 -250.000000 61.803399
178.201305 -250.000000 90.798100
0 -250.000000 0
178.201305 -250.000000 90.798100
161.803399 -250.000000 117.557050
0 -250.000000 0
161.803399 -250.000000 117.557050
141.421356 -250.000000 141.421356
0 -250.000000 0
141.421356 -250.000000 141.421356
117.557050 -250.000000 161.803399
0 -250.000000 0
117.557050 -250.000000 161.803399
90.798100 -250.000000 178.201305
0 -250.000000 0
90.798100 -250.000000 178.201305
61.803399 -250.000000 190.211303
0 -250.000000 0
61.803399 -250.000000 190.211303
31.286893 -250.000000 197.537668
0 -250.000000 0
31.286893 -250.000000 197.537668
-0.000000 -250.000000 200.000000
0 -250.000000 0
-0.000000 -250.000000 200.000000
-31.286893 -250.000000 197.537668
0 -250.000000 0
-31.286893 -250.000000 197.537668
-61.803399 -250.000000 190.211303
0 -250.000000 0
-61.803399 -250.000000 190.211303
-90.798100 -250.000000 178.201305
0 -250.000000 0
-90.798100 -250.000000 178.201305
-117.557051 -250.000000 161.803399
0 -250.000000 0
-117.557051 -250.000000 161.803399
-141.421356 -250.000000 141.421356
0 -250.000000 0
-141.421356 -250.000000 141.421356
-161.803399 -250.000000 117.557050
0 -250.000000 0
-161.803399 -250.000000 117.557050
-178.201305 -250.000000 90.798100
0 -250.000000 0
-178.201305 -250.000000 90.798100
-190.211303 -250.000000 61.803399
0 -250.000000 0
-190.211303 -250.000000 61.803399
-197.537668 -250.000000 31.286893
0 -250.000000 0
-197.537668 -250.000000 31.286893
-200.000000 -250.000000 -0.000000
0 -250.000000 0
-200.000000 -250.000000 -0.000000
-197.537668 -250.000000 -31.286893
0 -250.000000 0
-197.537668 -250.000000 -31.286893
-190.211303 -250.000000 -61.803399
0 -250.000000 0
-190.211303 -250.000000 -61.803399
-178.201305 -250.000000 -90.798100
0 -250.000000 0
-178.201305 -250.000000 -90.798100
-161.803399 -250.000000 -117.557051
0 -250.000000 0
-161.803399 -250.000000 -117.557051
-141.421356 -250.000000 -141.421356
0 -250.000000 0
-141.421356 -250.000000 -141.421356
-117.557050 -250.000000 -161.803399
0 -250.000000 0
-117.557050 -250.000000 -161.803399
-90.798100 -250.000000 -178.201305
0 -250.000000 0
-90.798100 -250.000000 -178.201305
-61.803399 -250.000000 -190.211303
0 -250.000000 0
-61.803399 -250.000000 -190.211303
-31.286893 -250.000000 -197.537668
0 -250.000000 0
-31.286893 -250.000000 -197.537668
0.000000 -250.000000 -200.000000
0 -250.000000 0
0.000000 -250.000000 -200.000000
31.286893 -250.000000 -197.537668
0 -250.000000 0
31.286893 -250.000000 -197.537668
61.803399 -250.000000 -190.211303
0 -250.000000 0
61.803399 -250.000000 -190.211303
90.798100 -250.000000 -178.201305
0 -250.000000 0
90.798100 -250.000000 -178.201305
117.557051 -250.000000 -161.803399
0 -250.000000 0
117.557051 -250.000000 -161.803399
141.421356 -250.000000 -141.421356
0 -250.000000 0
141.421356 -250.000000 -141.421356
161.803399 -250.000000 -117.557050
0 -250.000000 0
161.803399 -250.000000 -117.557050
178.201305 -250.000000 -90.798100
0 -250.000000 0
178.201305 -250.000000 -90.798100
190.211303 -250.000000 -61.803399
0 -250.000000 0
190.211303 -250.000000 -61.803399
197.537668 -250.000000 -31.286893
0 -250.000000 0
197.537668 -250.000000 -31.286893
200.000000 -250.000000 0.000000
0 -250.000000 0
200.000000 -250.000000 0.000000
197.537668 -250.000000 31.286893
0.000000 250.000000 0.000000
197.537668 -250.000000 31.286893
190.211303 -250.000000 61.803399
0.000000 250.000000 0.000000
190.211303 -250.000000 61.803399
178.201305 -250.000000 90.798100
0.000000 250.000000 0.000000
178.201305 -250.000000 90.798100
161.803399 -250.000000 117.557050
0.000000 250.000000 0.000000
161.803399 -250.000000 117.557050
141.421356 -250.000000 141.421356
0.000000 250.000000 0.000000
141.421356 -250.000000 141.421356
117.557050 -250.000000 161.803399
0.000000 250.000000 0.000000
117.557050 -250.000000 161.803399
90.798100 -250.000000 178.201305
0.000000 250.000000 0.000000
90.798100 -250.000000 178.201305
61.803399 -250.000000 190.211303
0.000000 250.000000 0.000000
61.803399 -250.000000 190.211303
31.286893 -250.000000 197.537668
0.000000 250.000000 0.000000
31.286893 -250.000000 197.537668
-0.000000 -250.000000 200.000000
0.000000 250.000000 0.000000
-0.000000 -250.000000 200.000000
-31.286893 -250.000000 197.537668
0.000000 250.000000 0.000000
-31.286893 -250.000000 197.537668
-61.803399 -250.000000 190.211303
0.000000 250.000000 0.000000
-61.803399 -250.000000 190.211303
-90.798100 -250.000000 178.201305
0.000000 250.000000 0.000000
-90.798100 -250.000000 178.201305
-117.557051 -250.000000 161.803399
0.000000 250.000000 0.000000
-117.557051 -250.000000 161.803399
-141.421356 -250.000000 141.421356
0.000000 250.000000 0.000000
-141.421356 -250.000000 141.421356
-161.803399 -250.000000 117.557050
0.000000 250.000000 0.000000
-161.803399 -250.000000 117.557050
-178.201305 -250.000000 90.798100
0.000000 250.000000 0.000000
-178.201305 -250.000000 90.798100
-190.211303 -250.000000 61.803399
0.000000 250.000000 0.000000
-190.211303 -250.000000 61.803399
-197.537668 -250.000000 31.286893
0.000000 250.000000 0.000000
-197.537668 -250.000000 31.286893
-200.000000 -250.000000 -0.000000
0.000000 250.000000 0.000000
-200.000000 -250.000000 -0.000000
-197.537668 -250.000000 -31.286893
0.000000 250.000000 0.000000
-197.537668 -250.000000 -31.286893
-190.211303 -250.000000 -61.803399
0.000000 250.000000 0.000000
-190.211303 -250.000000 -61.803399
-178.201305 -250.000000 -90.798100
0.000000 250.000000 0.000000
-178.201305 -250.000000 -90.798100
-161.803399 -250.000000 -117.557051
0.000000 250.000000 0.000000
-161.803399 -250.000000 -117.557051
-141.421356 -250.000000 -141.421356
0.000000 250.000000 0.000000
-141.421356 -250.000000 -141.421356
-117.557050 -250.000000 -161.803399
0.000000 250.000000 0.000000
-117.557050 -250.000000 -161.803399
-90.798100 -250.000000 -178.201305
0.000000 250.000000 0.000000
-90.798100 -250.000000 -178.201305
-61.803399 -250.000000 -190.211303
0.000000 250.000000 0.000000
-61.803399 -250.000000 -190.211303
-31.286893 -250.000000 -197.537668
0.000000 250.000000 0.000000
-31.286893 -250.000000 -197.537668
0.000000 -250.000000 -200.000000
0.000000 250.000000 0.000000
0.000000 -250.000000 -200.000000
31.286893 -250.000000 -197.537668
0.000000 250.000000 0.000000
31.286893 -250.000000 -197.537668
61.803399 -250.000000 -190.211303
0.000000 250.000000 0.000000
61.803399 -250.000000 -190.211303
90.798100 -250.000000 -178.201305
0.000000 250.000000 0.000000
90.798100 -250.000000 -178.201305
117.557051 -250.000000 -161.803399
0.000000 250.000000 0.000000
117.557051 -250.000000 -161.803399
141.421356 -250.000000 -141.421356
0.000000 250.000000 0.000000
141.421356 -250.000000 -141.421356
161.803399 -250.000000 -117.557050
0.000000 250.000000 0.000000
161.803399 -250.000000 -117.557050
178.201305 -250.000000 -90.798100
0.000000 250.000000 0.000000
178.201305 -250.000000 -90.798100
190.211303 -250.000000 -61.803399
0.000000 250.000000 0.000000
190.211303 -250.000000 -61.803399
197.537668 -250.000000 -31.286893
0.000000 250.000000 0.000000
197.537668 -250.000000 -31.286893
200.000000 -250.000000 0.000000
0.000000 250.000000 0.000000
